-315-

3111 6111111 111111 1111111111111111111111 111111111111111111
111111111111111 11111111) 11111111111111111111111111111 11111111
111111 11111111 11111 111 11111111111111 111 11111 111111
11 1111111111 111111111111(11111111111) 111 1111 111 1111111111
111 111111111111111 1111 1551 1111111111 11111111 111 11111111,
11111111111111111 111ῧ111111111 mit 11111111111ᾧ111111111 ner:
1111111 1111111 1111. 1111 1111111 1111111111 1111111111 11 1111111
1111111111 111111 1111 1111 11111111111111111, 1111 11 11111111.
311111111111111111111111, 111 11111111 gnte 111 (1111111111111
11111111 11111 111 &digrein 111 111 (1111111111 111 111111
1111111111 111111 1111111111111 1111111111 1111111111 1111111111
1111111 11111111) 1111 11111 3111111111111111111 111111 1111 111
11111111 111111 1111111111111 11, 111 1111111111111111111111111
11111111111111 1111111111. 11111111 1111111111 11111111, 111
11 1111 111111 11111111 nom 1111111111111 11111 11111111 1111111111,
111 1111111111111111 „mab” 11111, 111111 1111111 1111111, 1115
gegeben 111111. 111 111111 111111111111111111111 1. 1541111111
1111111111 justificatio requirit opera, 111 11111 1111111111 in
bem 1111111111 11111 1111111111 „Qua 11111 Sola 111 particula,
exclusiva, 1111 11 11111111 111111 111 . . 111 11111 wate, 111
1111111111 1111111111111111111111. Fides 1111111, sed· non
manet sola.“ 11111111111111111 111 1111111 1111, 1111 1111111111
11111111) 1111111111 111 11111111111111κῧ1111 1111. &eit 1555
11111111 mit 1111111111 111 111111111111111111111115111111111111
111 1111111111111111111111 ,11111111 11 1111111111 1111111115
1111111 11111 111 &tage 11111 1111 111111111111 111 111111 1111111
gum (1111111 1111111 11111111 1111111, 11111 111111 1111111111 &uta
11111111 11111 1111111111111 1111111111 11 11111111 11111111111
(ἔ11111111111111 ,,1Ξᾶ1ε1111111111” 11 [11111111111 111 11111

111 ,1111111111 1111111111 “ 111 11111 1111111 111111111111“
1111111111) 11111111 1111111113) Qud) 111 11 111111111111111111

1111111. 51111111 ΠΙ. 2. 195. 199. 1111111111. 183,
11111111. &nterim 1111. VII.
· ⁸) 1111111111 Θ. 166 01111111. IX. 413. 414. 113. 115.

 

