-203—

1111111111 11111111 ibn 111111, [id] 11 1111111111111111119
111 111191 111111 91 1111111111 1111111111111 111111111111111111)
11111911 1111 heim 1111111111, 1111111111 in 111111 1111119111
,,111111111111111111“ 111 1,111 111 11111111 111 11111111,Ν 11
111111 1111111111111111 1111119111 11111111 91911 11111 5111911 1111
91911 11111 1311111 ,,1111(111111111“ 1119111111111111, 9111111
111111] 11111 11111, 1111) 1111111111] 11111. 11111111. 1111111191
fam 11111111 11111 119111911. 111111111111111 11911911 11111111 1111111)
1111 1111111111 11111111, 111111 &athe 11 1111 9111111111 111111;
1111111111 11111 11 hurd] 1111111111 1111111111 fici) mit 1111911
91111111) 1119111111 111111. &r 1111111111 1111, 1111911111 1111111111)
11111 111191 9191111111111111911111111; 111 &urbe 11111 111111
111111 1111111. 11111911 butte 1111] 111 1111111111 111 111 mit 11111

in &thmuffuffien 1111111111 1111111911 (111111, 1191111911,
, 111111111111111111111111) 1111111111111 91111 [11111. 1111111

11311111111 1111 1111111911). 1880 Θ. 316-318. 1111111111 Θ. 315.
317 (111131.,111111. 111119). 111111111111111111111111 111 6111111111 91,
11 1111111111 ct 11111 ,,11111Ῑ1111111111111111111η 111 1111 11111111, 11111111 1111
1111 1111111111 11111 1111191111111111111111 1111111 1191 11111111. 11111
11911111 111111 9111 1111 11111111 111111 11111 111111. 1111111. III. 36511111.
Coll. II. 74. - ‘Bor 111 11119111111111119 11111111 hic (1111111111 mit 1111
11 1111111111 611111111111111111 1111111191111111111 1111111111 91111111111111
91111 1111111 1111. 1111 11111 1111111111 1111111111 191111, 1111111131Μο
9111111 1191111111 1111191111111 1111, 1111 1111311111 111 111111 111111
mit 3 1111111 (nnn 111 (111111 11111 1111111ῐῆ1111) 9191111111, 111111 1111
1111 1111 nur 111 111 111 1. 1111111, 111 111 10 1111111 11111111 111111,
1811111111 91 11111 11111111, 1111111 11111191111111 „zm 11111111 11 111111
mol, 1111 111. 11. 111 1011111111 111111 1111111, 1111 111 11111111, 111111
1111111111 11111111111111111 1111111 ermol 91 11111111 111111.” - 11111111 11111
11111111111111, murum 11111111116111111111 11111 1111111111 1111111111111111111
in 111 &ehu 1540 1111, 1111111 1111111111 11111111 {ie 111 1111111 111
111111111111 11111111 mit 111 1111111119, 1191111111 fei 1111111 911 11111
111111111111111119 91111111. - 1111191111 1111111111111 1111111911 611119
11111111 111111 gu Ῑ111; 111 ist 91 11111111, 111] 1111111111 1111111111 11119

1111111111 iit, 1111111,,11111111111111“ 111111-11181119 111 1111911. 1119111111, f

1111111 1111111111. 11111. 1540 1911191 1111111191111111 111; 1111111111 1111 111
11 einer 111 ,,11111119111911111111” 111 11111111. 61111111 11111. - wau. ΙΙ.
144. 11 111111 VI. 6. XXII. 1111111111. 491. 131199. 81111118111119 1879
Θ. 359 (mit 1111111119).

 

