-1192-

111111 1111111111 11111111 11, 111 {iste 1111 sitisti 1111111
1111111 1111114141 (1111111, 111911Θ1111111111 1111111111
11111 1111 1111 11111 11111 1111111111111 einer Γ11111111 111 ilus:
1111111, 111111111111131111 1111111111111111111 111 1113111111
111 (11111111 1111 ii. 1. 1111111 1111111111

1111 1111 111 12. {iuni 1536 111 111111 im 11111111111111
1111311111 stati ein (111111 1111 11111111 111 111 2311111111
11111111111111311111 1111111111111 11111, 111 1111 111 11111111
11111 111111 &cmiter 1111111111 111 11111111, 11 1111111 1111
11111111 111 3111111111 111 11111111 111 3111111111111, 111
1111111 11 111111 11111 111 111111111111111111 iu· &o ium 1111
1111111111111 111311111 1111 1111 11111 111111111111111111.
1311111111111 1111111111 11111111 mit 11111 1111113111111 niet
1111111111111111111111111111111 (11111 111111 Ε11111111 1111111111
11111111 111 111111), 111 11 1111 111 [1111111111 &muchs 111
911111111111111 1111111111 111111, 11111 1111 1111111111 111111111
sset: Tres epistolae sanctissimi martyris 111. Hussii [11111111
1111 1536 111 911111 911113) 1111111111 ticinen 3111111111111
11111111 11111111 1111 11111111111111111111 11, 111 - 1111111
11111111111111111(1111111111 1111111 - 111 211111. 1536
11111 1111 1111111111 Uici: ,3111 1111111111 111111, 1131111
111 111 111111 11111111 . . 1111111111 111, 1111111111 111
Qud 1111111111 1111114) 1111111111111111 1111 11111111 11111111
1111,111111111311111111111 111 [11111 11111111, 11 111 1111
11111111 111111 1111111 111 111 1111111111111.ΙΙ

111111111. iiiii. 51¹ 1111111111111. 31111111, 1111111111 13468111.
1111111 Θ. 194. ’

²) 11111. 1111111 111111. &animi 1732 (ὅ. 688. 3111111111. 139. 264.
279111 381 111. 111111, 1111111111. 2. 91111. ΙΠ. 547. 31111111. 111 111111
’1111111 18811. 57, 338.

³) 11111111. &immi 1732 699111, ,

⁴) 11111 9111111111 1111111111111 111111111111111, 1111111 1111 111111
11111111111111111111 111 11111111. 1111111111 111. 661 ,,Μ. Eysseben legens
aliquas literas Joannis Huss‚ quas ipse transtulit,“ 1113111111111
311111. IV. 390. 31111. Coll. ΙΙΙ. 153. 11111111111111111 1111111111 111111·
111111 111111611111111 1537 1. 1111111111 111. 367.

Ι

 

