..31-

iiber 1. 1111 1111111. 11 811123 111111111111111 111 111111

111111111111111111111 111 1. 1111. 12 (111111 1111111111, 111
111111 111111 in einet 1111111111 1111111111 1111121111. 111
1. 1111. 1111111, 11111111 11 111 111111611111 111111 1111111
11111111). 1111 1111111111 11111 1181111111 111 11 1111111
111111, 111111 1111 111 111111 1111111 11111 5311111111 1111111, in
11111111 111111 111 1111111 1111 1111111 laiht, 111 1111 1111111
1111111 1111111 111, 111 11111111 1111 111 11111111 111 111111
(1111111111 8111111111 11111111, 11 11111111111111111111111
1111 111111 1111. 11111 111 11111111111111111111111111) (111111
1111 11111111 11111 1111111111111111111111 11111 1111111111
(1111111111, 11111111 11111 111111 1111111111 11111111 11 111111.
(111111 eine 1111111111811111111111, 111111 11 111 1111111111
11111521 1111111 1111111111,,11111111111” 11 111 1111111111
1111111 111111. 11 11111111 11181111111111111111111111111111
1111111111 111 1111111 11111 111 1111811111111111111111111
eine 1111111111111111 1111111 1111111 10¹!2 6111811111.
111111 1111111 81111111111111111111 11 1111111111 111 §maranen
11111111 1111111111111, 111111 1111 111 111111111111311111111 ’
111111111111.3) &n 1111 [eine 11111111 11 111 1111111111
11111111 11111111, 1111111111 11 111111111111111111111111 11
11111111 111111 111. §Die 1111111111 1111 1111 11111 111111
111 11111111111111111 111 11111111Ιὶ11 11111111. §Det 11111111
1111118111 1111 „cin 1111111 1111111111 11111 1111111111111
1111 11111111111 111 111111111111111111 1111 1111111, 11111

¹) Cod. Goth. 187 111. 289 b. 21. 811. 151311 61111111.

1111111 11111111111111111111 vocatus in partem docendi verbum
1111111111111118111 11³1), 11111111111111111 111 urbis nostrae 1111-
11111113111111. 1. 11111. 11. 1872 Q. 360), 111 1111111111111 1111111111
1111111111 11111 111 {einer ,sssectinn in 111 1111111111 (1111111111, 11111
11111111. ΠΙ. 1121 113).

³) 1111111111 1111111111 11111111. &mmuh 1731 11911111111117.
11111111 111 11111111111111 in ciuem 1111111111111111 11111 1111111111
1524111111 111 ,,Μ11111111 eccles. Viteb.“ 31111111, 1. 11. 1812 (ὃ. 327.
- 111111111111111111111111111 111 111111 111 111111 11111111111111,
11111. 11 181111 VI. 501.

 

