-333-· Q

666666, 66 6666666 66666 6666666666 in 666 66666 666 im
66166666 66666666 66666666, ut non dulce sit porro vivere.“
36666 66666 betete 66 666 §ciuem 66666 666 6661666 de profundis
666 miserere (130 666 51). &ein &tossfeufger mut: ,6666

3666 (666666, 66 666 66666, 666 §bit 5¹1 [6666 666 66 sterben. '

66666 66 6666666666 6666 666666 666, 66 6666 666 eiwon,
[n 6666 §bein 666666 666666 menn 6666 nicht, 66 666666 6666 666
666666 6666666661 666 6666, 666 66666 66666661 66666 666,
666 id) 6666 666666 666, [o gib (66666. 666 6666 66 66666
6666, 66 666 ihrer 6666 666661)

&o 6666666666 et bie 866 666 666 8. &pt 1666, 6666 6666
[66666 66 §eim 66 666666 666 6666 66666666 6666 666 61666666
6666 §einen 666666 666 6666666666 666 6666666666 6666666666
666666. 666 66 66 6666666666 666 666 366666. 6661666666
feit, mirre (6666666 666 6666666666 666666 666. 66 {einen
Qrfiumen 666 (6666666 6666666 666 666 1166666 66666 266666
666666 6666 666 ct 6666 666666, 666 666 6666 wolsten 6666666666,
666 666 666 6666666666 666666 6666666 666 666666 6666666,
6616 6666666666 666 „bie 666666 66666666, 6616666 milite
sseute, bie mnIIten 666 ’6616666666666 6666 66666 66666, et 66666
66666 66666 66666, 66666 bic 6666666666 6666666 66666666
666 3666666 66666666 666666.” &Iber in 6666666666 6666666
66666 et 6666 1666 6666 66 [ciuem Monotessaron 66666. &Im
12. &eptembet 66666 er 66 666666, 666 {eine 6666 6666 ciuem
66666 666666 6666, 666 66 666 6166666666 666666 66666

1) 8¹1 ber 20 66666 6666 [6666 {obe 666666666666666 66666666 66
&nge 6666666666 (6666666666 1564 6666666) 6666666 6666666666666666
&eheu ,, .. . 666 66666 666, 666 66 666, 666 666 666 666 Ῑ6 niel 66666
166666 &egen 666 [666666 6666666666, 66 6661, 66 666, 6666666 666 666
16666 6666. Quia tibi et tibi soli peccavi. Sbub id) miber 6666 6661 ge:
666666 6666, 666, 666 ,6666666 666 mein 6666. Sd) hin 666666666666666,
6666 mein ssehenlung 6666 66 6666 6666666666 666 666666 666666, 6666
6666 6666 . . . Sd) 666, 666 666 66666 6666666 66666 666 6616666666
666 666 bit muq 66666666 666666, 6666 ein 6666166 666 6666616666 666
666 666 6666666 65666. 6666661666 666 [turbe 66, 6666 66366666 mimi,
666 666616 666 66666 6666 in 666666 66666.” 661. (666.

 

