-143-

(8111111111 geminum, 111 min id) 111111ῦ1111111111111 inst
111111 mein 11111 111111.“ 6111117548.) &r 11111111 111
nod) eine 111111111111111111111111, 111111) 1111111111 111
8111111, 1116111111 111 13111111. &t 1111111111 111 111
111 Θ111Ῐ11111111) 11, 11 11111131111ῧ1111111111111“,1)111
1111111131111111111 111 61111111 111 1111111111 (1111111
111ῐί9 11111191 (ῧ111115, 104-106). 1111 1111111111 111
ῷ1111111111111 11111111, 1111 hub 11111111 11 11111 11111
1311111 111· 1111111111 1111. {Sic 1111 111111 111 1111111

11111111 ,1111 [tifit 11111 111 1111111111 18111 &bristi wa 111 ’
1111111111 11111111, 1111Ιί111 111 11 11111111 1111111111, 111 .

fic 1111 &bristi ffilut (31111111ῑὸ11 111. 11111111 111 11111111
&bristi 111111, 1111111 1111131111 11111 1111111, 11151111
111 181111 11 (11τί11 111 11111111 111 111 1111111111ῒί.
‘Derfdbe glaubt 111 111111111113111111, 1111111111 1111111111
Θ111611111, 111 111 1111111111. 11111 111111111111111
1111111111 6111111111, er 111111 iiber 111111111111111, 1. 1. er
1111111111 111 11111111 11111111) 111ῧ11ἰῖς, 111 1111111111
11111 1151111, 111 ihm Jo niel 1111111111 [111“(ῧ1.11,66,67).
1111 111 ist 11111111 eine 5111111131111111111 111 1111111111
111111ῑί1111 1116111111 1111111111 1111111111 1111 11111111
1111111 1111, 1111111 mit 1111111 1111111111 111111 111111 111
1111111111111111111111 111 111 13111111 1111111111 1111111. <Diem
11111 ,1111 11111111 111 1111111 11111 &iuben 11111111 11
111 &nube miirbiq 111111. &lbet 111 (11111111111111111311
11111 111 (11111111111 1111111, gum 1111111 1111
1111111 11 111), mie 11111111 ῐ11111.“ Quum 1111111111
1111111 111 (1111111 1111111), 1111Ῑί1 3111111111111 1111111111
1111111 1111111, 1111111 erJt 111111 er 111 1111111111, 1111111

neuen 531111 11 1111111. 1111111111111111 81111 11111111 ’
„mit &efessem 1111111 111 61111111 111 11111 &etism 111

1) 1111 11111111 11111111 warinum 1111 1111111 1311111, 111 ibn
in ῐ11111 Ξ11111.,,1ί1111ἰ1 11111111111311111111“ 1111111111 11111. 1111111
1. 722. · ·

 

