—331-

11519519 11 1511111155 61151 1518115155 5111511 11111 155 85555
5511515 1551 5511 5511111151159;·855511111 151111 1551 5151151151
8111151, 151 551555119555 155 155 851151591151155 1511 551
15 8515195 5511111151 15151111515111511951 11191111 1555511151
1515 8511115119 5111 555 55115155 11151155 555 851155, 55115
511 551151555 8511 15551 8595 1511 5115515511 9515 95155
8555 9511515. 8511111151151 eo 15 81151 1111551 511155 1511151.
31551 151 er 51111, 1515 81115151 1553 115 1151159515, ,1111
918515 95151155 151 95151551 8151 9111111111 8511551555
515151151519151115555 1151 5151 1111151155 95115111. 31 olo
1559 1518511511560 159 51 1111511 15515151; 8511151151 91551115
51185155119559 (1151151 85111115 55115 51511151 15 5111155 551
11511151 855 151551 (1591511 1111951511. 11551 515151 5115115 1151
5511 515551 15155511) 111511 15 1511151155 1564 555 15651551

1115119. 8555111124 8. 281. Corp. Ros. IX. 1068. 8111 51551
11119511 91151851155155 11511 55181151 5515 116511. 886 151. 51 Β151. 85551
Lips. 11511 8151111551151 Dr. 1111555551151 15 8115151 11115511 5111 5511
61551151155511511, 551 611555 551 8511111155 8151511511, 151955551511551
Π11911151511591511151 11115111195115111111155; 55 515 8151115 115 posteriora
51111 95555 5515111111151, 15 511555155 115 51111 51111, 551 515 8511511159
555 51551811111111159551 851115111111515115511111) 15 151 11115 151 81511
1515151 1511111115, 1551115 515151155155115115 55151151 5511111151, 5515111111
5195155 151515. 1151 515 16151115 5515115155, 1151111115 115 15 111115519 1511
815115115115111115155151) 5155111, 151115, 51515151115111 151 511551111111515915
1515191511, 1515515155 851151 11 420 Sedes 1151 21 51555 5511511515581515155
1111 5511151155, 551 5515551111) 15 1151115511, 551 1515 1115111111 51 111551
111115 1511151 11155115 55115151 1515. 851 11511551 551 6511551151 1515 ouo
5515 815555, 5515155111 115 85111515151555511 55111151 11591511. 8515111151
15115 1111, 1151 151 1155511155 8515551559, 515 (1511155559 95151191, 81151
111 11111 95111551 155 115155 55111 51155 151111 511115511. 8158 9511151 55151
1515151551 651115595511511 55151 515 ,1151115951 511511515559.1 815151
1155551 15115 5155519 955515551515, 5155 1155115 1151115 556 8515515. 815
1151115 1151155 155 1151151 11151555 115511955 155 955511 1115 55151551
15511115115111151 5551511951 3511, arsenicum 5111551. 11551959151115551111111
115 5511159 155 551 511511 5151 5511 6 115115 911511151. 85111515151111
5511515 851555 515 5155111951 1151151151, 1515 51 515 15155151 511151 &ito
151111 5511551511 5115 551 1111511151 8515511559 151111 51155 15155515111511
[1151511515115151511; 5111111 1551151, 15111 151511 1155119, 58 9151 15 5551515
85515595511115 5115 151511515 1151155. 85 51 555 15115181151511551,15

 

