—ssl-

15 5111115, 551 1111 11115115 111 51151151115111 1511511511
mun 1511 im 1111155511 511 51151551 155 11511 115151111111
551151111111151511515111 511 1111 5111155155 15111511, 1151

5115 511551 511551, 555 5111 1551 15111115 5515 115 11111111
1511115151115111155111111551151 5115 51111515 151 111111 Cenat:
Dtgunitttion 151115511 151151, 5151151155 1151115. ’) 511111
15115551 1519 15 (5151151511 1511 5151 11511115 1111115151
5511511555 5111111 55515151551111511111115111, mn 1515 1151
51511115115111111151111. 11115 511551 51111 15155151111151
6151111 de captivitate babylonica 1111115111515. fficteutentes
11111515 111111111, 555 11, 1151115551511155 (5115151115 15
1515155111 11151511, 1115 15111511515 1115111111 55111, 511511155111551
5151551155 1515515511. 1111511111 5111155 5511 1511151115 515.
1115151515 51511 511151 11 1523 1511511 1115151111511151111151,
51 115111511111111151 (1555151555 515 51151 11115115 155511. ’1
511515511111111 15 511 (515511 11 11111515 5151111 5511 551
1515111 1551515, 5155 5111111 151 11115511 1525 115515 1511 155
1511511 1515111155111, 155 11 111 551 151511155151151 1525126
1551 1111151511 115151111111 11151511 155151. 1111115151555 1551111
155 1551, 11 115511 11 5111 1111511515, 511 1115 551 1151511 5515
15515515151155115, 155 515 1151111115 551 5111515115 15 515
515515151515 511 1155515 1511115115115.1) 1111115 5115151111
11555111511 1511551115511111151 555 (11111515 111 1551 51115,
515 111115 111 115 515115115151 1115111, 111111511 555 551115
1511155115 15 511 51515 515511 1511111115 511 515111 tet:

11511111511155111111515111551, 11 1151 1511 111511 15511115 ¹

1511111151115515111111511 15 5111151 11511111515115 15 5111515.
Cic 11511115 111151 15511511 1111115115 111 55111115 15111111
11151115 15 1115, 111 5151115 1115111151 professores 511 51515
state, 111511 515511 1115 1111151. 1511 1511 1511 5511111115 115
5551111 5111 8111555 1111 1111111115 1111511115 511 (5111115551

’1555111111151111115111111 646.
worm Cammt. 1731, C 695· ,111 C R 1728 132
’1551111111161

 

