-281-

“ 1111111,111111111111111111111111 1111111111111111 1111111111 111
111111111. (1111111111111111111111,1111111111111111111111

C .82) 11111111 11111 11111111111111111111111111111.11111111
1111111111, 1111111 111111 11113111111111111111 1111111111 1111111,
11111111 11111 111 111111 111 11111 11111111111111111111111,11111
1111111111 1111) 11111111 111111111ῧ1111 11111 111 11111111
11111111 111111111111111 (311111 11111111 ,ῧ111 111 1111111111 1111 111
1111111 11111, 11 11111 111111, 111 111 1111111111111111 11111111 ab:
11111 1111111111111111111111. 11111111 111 111 1111111111111111111111,
11 [11111111 111 111111, 111 111 1111 1111111111 11111 1111111111111,
111 111 1111111 1111111111 11111 1111111111, 1111111 111 1111111111
11111111 1111111111 1111 1111111 111111 131111 11111111 11111. 1111
111 11111 111 20 311111, 111111 11111111 1111111111 1111,
1111111 11111111, 11 11111 11 111111 11111 1111111111, 11111111
1111111 111 1111 11111 111 111111 111111 1111111 6111111. 1111
1111111 1111111111 111 111111 111111111111111, 11111 11111 11111
1111111 1111111111, 111111 1111131111111 111111 11111.“

1111111111 111111 1111111 111111111 1111, 1111111 1111111111
11111111 11 111111111 1111111111 11111111 ,1111111111111 (111111
111111 11111 1111111 11111111 111111 111111 111111111111 111111, 11
1111111 1111111 1111 111111111111 1111111111111, 1111 1111 111 11111“ -
1. f). 1111 11111111 111 (111111111111 111 1111111111 11111 1111

11111, 111 111 111 11111 1111111 1111111111) 1111111111111111111111. ,

51111 1111111111111111 1113111111111111 111111111111, 111
1111111111111111111 17. 1111111111 1111111111111111 §vectet auf:
111,111 111 111 11111111111111111 11 1111111111 11111111 1111111111
111111111111111111111111 111111111111111111Θ1111113111111111
11111111111111111111111111111111111111111111111111111111
111111111111111111111 1111 11111111 11111 11111111111111, 1111
11 11 11111111111111111 1111111111 111 111 111 111111 (1111111111
11111111 1111111 111111, 1111111 11111111111111111111111111111 111
11111111 11111, 11 11111111 111 1111 1111 111) 11111111111111111111
111111 1111111111 11 1111111111 11111 11111111 11111111 11111111, 111

111 111 11111 111111,111111, 1111 111111 1111111111111η 111 111111

 

