...36-

11119911 91191111 11 111 1111191 9111 1191111911 9191111119
9111111 1191 191 11 91111, 9111911119, 11 19991 11199 111, 991
111111 911 9991119. (11119111 1911111111 11 11111 991 1919191999
111911 (1999191911; 99191 1119111911, bct 1111 1111111111
1991911 911 1191111191 111911, 11111911 111 9111911111· 991 neta
91111111, 191 119 9191111999 in 111911 1119191, 9111111191
111911 19 9199111119, 1111111911 1111199191. (1119111911 11111911 9911
1191 1111111111 9119111999 111 1111911111 (1191111999 911111 (Ione
1919191, 1911111 119 991111 191991 119111 1191 zita: ,91111999
1111111119 9111111111 11119...1111“ 9191119111 19 9111911919
91111111 1991111)

&palatin 99119111 9911191919 111 (1999191911 99, 11111
aud] 1199111) 91911911991911191919111) 11919 191991119119 911111
119 1911199 1525 111 9111111119. 1665111111] 99
1191119119 111111 111119 91111119 9111111 99, 191191 11 it) 3¹¹³
9111111 11911 11911, In 911111119111111911911111999191111111 91111119
119991111119 19 119 1111111 911 911111. 1911911191191911 11111111

1111111911) 1111111111 991, 91919919 119911 11111 9911191911111111 1191
991111111111119, 11119111 19119111111191111 111 1111111111 1911199119

ι1111 non 1191 911191191911 1111911111 91191111 99 1919911199 991
119 1111191 99 919111119 911 1199111191 1911111191 junge IIqun. 119 9111111111
mir 31111111. 1. 1111. 911911. 1812 Θ. 360. 361 11119, mur 9199911111 &bens
111911. 91111111199191111991 991 111111119199119191, 1199 111111119111
1111 91119111111111191119111; 91919119 neunt 119 „natione Suovus.“ 111
111 ‘mol 9911 1191111111 9111 1919 191 91111111111911911191911. 119 991 24. 91119,
1523 1199111991919 „Lucas odenbergius 1119911911. diocf‘ [1)119991119911
111 999 1191119911 Θ. 18, 11111119 Ι. 163. 809 11911111 (1111111111 991
99111111911111 1111111191 1513111911911911191 111911 1119111911 19 911191ς
burg 1111991 1191, 1111111 911111 9111 Corp. Ref. VIII. 199130. 611111
199111 11119111911111911111 111 11119919 9119911 11911, 8919191111 Vitae aliq.
1111191891111111111111911. 1148. Binds. 09111344. Corp. Res. I. 918.
1111111119 1111111111 919119191191 (1119199111 9. 3. 1146 1. 1911191119·
911111911. 1819 11. 2159. 139 111 91119911 91111199111111, 119 911111 1911111
911 111111. 11111 111 11911111 1111111. hebr. Argentorati 11116 - 11191,
1198111111110* - 11911111 111, 1911 11111111 1111 19 11191919911Β1911.
1518911111 11119111, 911111 91111 19 111 19191111119191191111. 1119.
111119111919 1991119111111911191 911191, 1111111 9191119191 911111 9961919119
’1. 11. 11191 1525 111Η9119111 Manipulus pg. 81. 88.

 

