,5-

111111111 111 1111111111 11111111 1111 1111111111 1111111111 111111
11111111 1111111111111111111111111111111111) 2
1111111111 1111111 11111 1111 1111111111 111111 21111111

14923 111111 boma 1111 eique 1111111 1111 111 11111111
11111 11111111. 1111 11111111 111111111 1111, 111 11111111 1111
111111 111111 1115131111 11, 111 111111111111111111,111 11

11 12. 8111 1164 11111111, 1111 11, 11 111 1111 ,11111 11111

70 81111.κ 111111 11111111 111111 111,1111111111111111 111
1111111111 11120. 111111 111111111111 1111111 1111, 111 1111
1494 111 1111111111 11111111. 111111 1111 (1111111111 11
11111111 111111 11111111 111111111111111111111111111. 171111 111111
1111111 1111111111 111 111111 1528 1111111111 11111121 11111
1111 1111 111111, 111 1111 6111 11111111111111111111111111
11111111 11111111. ’1111111111 111111 1111111111111111111111

11111 1111111 11111111. 1111 111111 11111111 111111111111111111 ’

11111111 ,11111111111111 111 111 11111111 &nebien 1111111
1111111 111; 111 1111111111111 1111111111 1111111111111111111
1111111 et: ,111 1111 111 11111111 1111111111 111111 11111111
11111.” 1111111111111111111 11111111111111. 1111 11111111111111
’ 1111 1111 11111111111111 1111111111 11111 6111111111 1111111113)
11111 &obn 11111111 11111111 1111111111 111 1111111111 11 11111111
111111111. 11111 1111111111 111 1111111111 1111 1111111 111 (111111
111 3111111 111111 11111111 111 1111111111111111 111 (1111111111
111111111111111111111111 (11111111, 1111 11 11111 11111 1111311111
111111 111111111 1111111 11111111 111111111111, 1111 111111

111111111111111111 (11111111, 11111111. 1. 1111111111 Π. 301. ,1111111
1111111111 1838, 454-456.-111 1111 11111 111 111111111111, 1111
1111111111111 1111 1111111111 11111111, 11111 111111111111 11 111 1111 1111111
&timibet 1111111111 111, 11 1111 1111111111(11111111111111111111 11
111111 8111111 111 (11111111111111111 1111111111.

1311111111. 1111. 11111. 1872 Θ. 351.

11111111. 11111111 1. 1. 1). 11111 11111111 1111111111111111111111
31111111111111111; 11 11111 1111111111111111111 1111, 11111111111111
1111111111111111 11111 6111 1111111 1111111111 1111111 11111111 111111 1111
11111111111111111111111111111111111 54 21111. 25, 61111 111111111111 1111
11111111 1111111 111111 811111111111 1111111111.

 

