—356-

11111111, 111111 301.

11111, 3111. 341. 54. 100. 115.
222.

311111, 01111111 238. 286. 3131.
3111111111), 1111. 127.

1111111111, 0111111. 296.

31111113, &imon 77. 1217. 1261.

329 1.

3111111111, 11111111 238. 2881. 1111
6111 235. 276. 2881.

31111111, 2111111111 58.

3111111111, 8111 4.

3111, 13111111. 104. 118.

· 31111111, 1111. 42.

3111111, 21111111 61.
1111111, 3111226. 239.
31111111. b. 11111181.
311111111120. 174. 1801.
8111111, 1111111111 1241.
311111, 211111. 41. 10. 141. 19.
131 151 31131. 41. 44 43.
511541 111 111 141 111
1138193971. 101. 1071. 1101.
113.1131131.13311331 1411
1511 153. 155. 15311111
1331 1331 1111 1151 1311
2421. 250. 2621. 274. 278. 287.
-ΜΜΜΜΜΜΜ
322. 324. 3311 311.

1111111, 011111 215. 243. 246. 270.
290. 296. 315. 328. 349.

1111111111, 254. 256.

2111111, 3111111 991.

2111111111, 11111. 25. 201.

2111111111, 3111111111 222. 287 7.

2111111111, 11). 222. 238. 327. 3441.

211111111ῐί11 Ι. 112.

2111111111111 228. 291.

, 21111111, 2111. 228.

2111111111, 11111111 27. 50. 11111
1111127.

2111111111, 0111111501.

2111111311, 11111. 191. 261. 30.
331. 491. 55. 591. 68. 72. 74. 77.
84. 88. 907. 95. 98. 1011. 104.
1091131151. 1221. 1291. 133.
1401. 1441. 152. 1541. 166172.
1741761791. 1881. 193. 1971.
202 7. 205. 2127. 219. 222. 225.
238. 242 7. 245. 247. 250. 256.
260. 262. 270. 2741. 2777. 282.
2847. 287. 2891. 2961. 302.
3061. 3131. 329 1. 335. 341347 7.

11111 11111 1257.
11111 11111111 125. 172.
7einc (311111111111111173.

’ 2111111111, 1111111111 54.

2174117118, 8171112 51.
1111111111, 11111 227.
wiennae. 111111 541. 88.

’ 111131111115111.

21111111, 1111111 310.

2111511111, 11111. 1. 106.

211111, 01. 296.

21111111, 81111. 199.

2111111111, 3111 65.

2111111 1. 8111111 2611. 264 274.
2791. 346.

2211111111, 63. 65.

2111311111 27.

21111111, (1151. 57. 59. 921. 101.

2111111111, 611111. 202.

11111111, 2311. 12. 2321451. 171.
322. 324.

21111111, 11. 24.

2111311113, 11111. 27. 151. 224.
3031. 3071. 313. 316. 3221. 335.

2111111111, 11111224.

1111111111, 1311111111 297.

3111111, 81111. 62.
211111, 19111. 17. 35.

ὓ1111111111 65. 87.
11111111, 21111. 99. 233. 2691. 293.
3021. 3091. 315. 328.

 

