..33-

11111111 1111111111 1111111111 11 111111111111111111111 111 111
3111111111 1111111111, 111 nun 1111111111111111111, mit leb:
111111 1111111. 11111111 11111 111111111111111111111 1111111
11111111 1111 1111111111 1111111111 1111111111, 111 11 1111 111111
1111111111 6111111111 11111111 1111111. 1111111111111111111111111
111111111211111111111 111111111111 nod) 1111 in 111 11111111
· 111 1111111111 111111111111111111111, 1111111 1111 11111 1111
1111111 1111111111 11111 1111111311. 1. 6111111111 111 11111111
1111111111 1111111111, 111 11 111111 1111111 111111 1111111 111 11111111
15211111111111111111111 1111111111 1111111 11111) 111111
11111111111 1111 &grimm 11111 111 1111111111 1111111111
1111111111 1111111111 1111 1111111111 111 11111111 (11111111111
11 1111 1111111111. 31, 1111111111 1111111 111 1111111111 11111
1111111111 in 111111 1111111 11111111 11 1111, 11 jener 1111111111
1111111111 11111111 1111111111111111111111 111111. (11 1111 ι
11111111 11111111, 111, 1111111111 1111111111111111111523124
5111111111 1111111111. 11111111 mur, 11111111111111111111111 111
11111 1111 111111111 1111111111111111111111 111 111111111111111, „in
Magistros prometi sunt“ 1. 11111. 1111111111 11111111; 1111111111
fid) 111111 111 1111111111111111111111111111 „sequentium professio
pro veteri scholarum more 1111111 hominibus commendata est.“

11111 ben 8111111111 1111111111, (11111 11 111 11111 mit
1111111 11111, 11111111 111 1111111111 (511111) 111111111111111
1111111111111111111 11111. (11 111111 11111111 11111111 11111

11 6111111 1111111ῡ111111 1520 1111 11111111. 1111111111 111 1111111111
1111 mit 2111111111 1111111 1111111111, 11111 111111 11111 11111 11111 1111111111
1111111111 111 11111111 und) 11111 einen 11 611111111111111111111111111
11111 11111111111111111111. 1111111 111111 11111 1111111111111 1111111111, 111
1111 1111 &iiten 111 111 1111111111111 11111 1111111111- 11111111111111
11111 1111111111 111 111111. 611111 11111111 in 1111111111 1111111111 111
1111111 111 31111111 1524 111111 1111111 11111111. 11 1111111 1111, 111 menn
¹ 1111 11111 11111111 1111111111 11111 111 11111111 1111 1111111111 11111111 1111111
111, 111 111111 111111 1111111111 1111111 1111. 6111111111 1111111111111
Θ. 12. 32. 33. 61111. 11111111 1116111111. 1811, 279 111. 0111111111 442.
111111, 11111111 Θ. 116. 611111111111 1551.

’1 ῦ1111111111111 111. 91 b. (11111, 11111. 18111.)

1111111111, 311111 11111111. 3

 

