..42-

111 1111 1111111111 111111 1111 1111 1111 111111111ὴεί1 11
111111 1111111111, 11111111111111111111111111 1111. 111111 11111111
ψ 11 1111111111 111111 11111111 11111 11111111 1241 ,11111111 111
bert 11111 111111 11111 11111 1111111111 111111111111111111111
1111111 1111 1111111. (1111111111 mit 1111111 1111111111 111
1111. 117 ,11111111 1111111 11111 1111111111 111111.1 11111111 13111
11111111 111111 111 11111111 11 1111111 11111111 „Qu 111111
(1111111111) 11111 1111111111. . . 11111111111Μ.Ι).111111.,” 111111
11111111 11 111111111111. (11111111111111 16111 17111111111111

’ 111111111111. 111 111111111111111111 1118111111111 111 1530

1111111 1111 11 1111111 61111111111111111111 1111111111111111
11111) 111111111111111111 1111111111. 11 111111 1111111 1111111 11111
1111 1111 11111111111111111111 1111111111 1111 1111111111 111
1131111111, ,111111111111111111111111111“,1111111111111
111111. 111111111- (11111111 11111111111526111111111) 111111
111111111111111111 111111 1111111) 1111111111 [111“ 11111 (1111111 nom
(1111111,,111111111111111 111111111111111 1111 11111 1111111
1111111,“ 111 111111 111111 ‘munt 111 111 111 11111111 (1111111111
111 1527 1111111 1113) 1111111 1111 11111111 111 11111111 1111
1111111111 111111111111111111; 1111 1111 1111 1111111111 1311111111
111111111111, mit 11111111 1111 1111111. 1111111111111111111111111
· (1111111 11111111111111111 111111, 1111 11 111111111111111 111111,
1111111111111111111 11111 111111 1111 1111111111 11111 111111
11111111111111111111111111111 111111 1111111; 111 111111 1111
’ 1111 (1111111 11111 11 1111 111 1111111111 11 1111111 1111111111
11111, 111 111 1111111111 11111, 1111111 11111111111111111111
1111111111. 1111111111 111111 1111 111 111 11 111 1111111 3111
’ 1111111 1111111111 11111 1111111 1111111111111, 1111111111111 11111
11111111 1111111111 1111111; 1111 111111 11111111111111 111111111111

ι11111111, Hymnopoeographia 1719 Q 27. 11111111. Qnmml. 1744
Q. 186. 1111111111 ΙΠ. Q 51. 11111111, 11111111. 111111 111 111116. 81111.
Ι. Q. 74. 11111, 81111. 1. 111111111111, 3. 111111. Ι. Q 181348. 350. 11111111,
1111111111111111 Π. Q 488.

²) 111111111111Π. 52. 53. stud) I. 281.

11111111 Q 191. 192. 11111111111111111111 1. 1. 1).

 

