-354-

1111111 6111111 78. 96. 98. 174. 179.
181. 197. 205. 342.

2111111, 6111111 31.

1111111111, 611111 237. 246. 248.
276. 285. 288. 290. 304. 310.
1131. 1111. 1111. 3311. 3411.

3111111111, 111131. 56. 86. 147.
172. 174. 176. 194. 2011205.
1111. 111. 243. 111. 284.
3071.

61111111, 11111168. 102. 243.

18111111, 11111. 1. 1. 86.

1811111, 10111111 86. 99. 115. 255.
2581. 2621. 295. 297. 346. 349.

611111, 1111. 318. 328. 349.

6111111111, 11111. 21. 98. 101.
127. 323.

(111111111111, 111111 106.

6111111 36. 99. 348.

611111265.

61111111, 61111111 1. 2621. 275.

6111111111, 111111 1111 1111111111
290. - 1111111111 1. 1111111111.
336.

6111111111, 2111111276. 297.

61111 11111 112.

61111111, 1111. 53. 81. 1591.

61111111, 61111 224. 334.

611111, 211111. 58. 66. 161.

611111, 611. 68.

61111111111, 1111. 111111. 321.

611111, Mag. 9.

6111111, 111111 239.

61111116, 6111. 222. 344.

611111, 61111. 35. 62.

61111111, 211111. 77. 221. 345.

’ 61111, 61111 344.

· 61111111, 61111192. 1751. 182192.
197. 203. 243. 270. 315.

9551ss 68.

6111111111, 311111. 316. 322. 336.
348.

1111111111, 18111 98. 102. 179. 298.
11111111, 111111. 102. 197. 3421.
6111111111, 161111. 27. 59. 73. ,
11111111, 1111111111 10.

6111, 111111 320. 323. 328. 349,

611111111, 6111181111. 13.

611, 1111. 191. 241. 45. 151.

61111111, 1111 160.

6111111111, 611111 36.

6111111 (1111. 2811111111) 451.

61111111, 311. 303. 323.

61111111 111 181111111111 218.
22111.

611111111 1111111111 111 18111111
1111111111111111 229. 336.

61111111, 111111. 2391.

611111, 1111111. 24. 84. 159. 299.

61111111 631. 106. 112. 119.

611111, 61111111 6111111183.

611111, Η111111111111 69.

61111 111 3111111111161111111177.

61111 1111 18111111 257.

61111111 11111111111611111111111
67. 70.

211111, 28111111 69. 166. 197.

3114161111. 831. 88. 911. - 11
1111111207.

1111111111, 1111111. 37.

3111111111, 1111. 330.

1111111111, 111111 83. 91. 1021.
226. 2531. 257. 264. 2661.

1111121414· 133. 243. 270. 2751. 285.
292. 2951. 302. 349.

1111111111, 2111111116 3341. ’
11111111, 311. 317.

1111111, 1. 161111. 11111.
1111111111, 21111116 5.

1111217111, 1111111111 111 3111111111
‘ . 286.

 

