..21-

81111111 11111 8111111111 111 11111161111111 11111 1111111111 11111 .'

1111111111 1111, 111 11111111 mol 311111 8111111111 11111111, 1111111 auct)
1111 &aufe 1111 111111 1111911111 1111111111 11111111 11111 11111111
&abien 1191111111 maten. 11112. &eph 1519 111111 11111111
11111111111111111111111111111111, 1111111911111111111111111111111111111111
11111 (111119. 11111111 111111 11111 9111111111 gum 11111111ςί1111
811111111111 1111111111. 1811111111 111 11111111, {ibet 11111111
11111ηῷ1111 111 111111 (1111111111 1111111111, nod) 1111111111
1111111111 11111, 11111 111 111 11111111 111 1111911111ῇοί1 gemtem
1111111 11111111 1111111111 111 111111911111191111111 11111 111 11111111
1111111111 111 8111191111 111 111 [id] qun3 111111111111111111111 111
11111111 1111119111, 1111111111δί1 1111, mie 1111111111111111 im liber
Decanorum 11111111 11111, 1111111 1111111111) 1111111111 1111. ¹) 1111111111
11111111 11111 111τί1111 111111111111111111111 111111111111111111
11111111 111 8111111111 111111 111 1111111111 9111111111 [id] 111 einer
1113111111 11111 gang 1111111111ῗ111111111111111. 8111111111111111 11111
1191111111111111191111111119 1111 11111111 ‘Eetion 11111 1111111111
11111 1111918111 11111111 111 1111111 11111 11111111 1111111111. 11111111

1111 111111 11111111 9111111111 1111111111εῇ11, 1111111111111131111111111
111 1111111111 11111111 ,1113111 io 111111 91111111 111 11111111 11111
811111111111111 1111111111 111 &ante 1126, 1111 mahte ῧ1111111111111
11 1111111 1111111111 1111111191 9111111111, 111111 111 1111111111
1111111111 8111111111, 1111111911111, 11111111) 11111111111111111.1)

1) Lib. Decanorum p. 2382. 6111111111, 81111111 111111111111829-31.

1111111, 1811111 11111 1111111111. fv. 1-6. -11111111111 111111 11111 1111111111 11 ”

1111 1111111 91111111 111 111 1111 1811111 111111 111111. in 1111.,1)1111111

111 1111111111. 11111 111 1111111 1111111111. 1111111 111111111111111111 111 111 ’

1191111111 11111111 11111119 1111111111 11. 1111111111 (111111111111111111111
11111111 1111111311 111 1111111111911111111111111111111111 gegeben. 1181111111 11191111.
1111. 1111511111 1196 Θ. 288 11111 1111111111ἱὼ1 611111111115111111111 111111
11111, 1111111111 11111 ,1111111 Dr. 31111111 1191111111η 111111, 11111111 eben
,1111111111 111111 1111111111119 111 (11111111. 1111111 111 1111111111 ,111111 11111
61111111111111111 6¹1 8111111Η 111 1111111 Θ. 369 111111 nur 1111 11111131111111
1111111111.

²) Excerpta haec omnia in Mensa ex ore D. Ma. Lutherj. Anno Dni
1.5.4.0 (1111111111. 1. 1111111. 111111. 111. 20996) 111. 1211 ‚‚Agricolam, quem
post philippum unice amavi.“ — Corp. Res. I. 818.

 

