..58-

11111 111111 1522 111 1111111111 111 1111111111 11111111, 1111111
111111111181111111111, 1111111111 1111111111111, 111 1111111
11111 1111111111 1111111111 1111111, 1111111111 11111111 11111111.
1111111, 1526, 111111 1111 1111111111 1111111111) 1111 11111111
11111111 (1111542) 111 1111111111111111111111111111111. 31
11111111 111111 1111 111 1111111111 11111 1111 1111111111 111 111
11111111 1111 111111 1111111111 1111111111 1111111. 11111111
1111111111111 1111 111111 111111, 111111 11111111, 1111 11111
11 11111111111111518 11111 111 11111111111131111 11111 111
11111111111111111111111111111111111111 111 (111. 11111 111 (11111111
1111111111111. 1) 1111111111 1111111111 1111111111 111 1111111111
1111111111, 111111 1111 1111 1111111 1111 1111111111 11 11111111
11111 111 1111111111, 11111111 11111 (1111111111 1522 1111
1111111111 (11111111111111111111 111111111111 11.)111 11111111
1111111111 11111 1111 11 111 11111111111111 11 1111111111) 111
11311111111111113111111 111111 11111111, 1) 11111111 1111111
1111 11111111 1111111111. 1111 ,1111111 11111111111111111111
1111111111, 11111111 11 (1525) 11 111 11111111 11111111111111
111 111111111111111111111111 1111111 1111, 1111111111 111111
11111 11111111111111 11111111 1111111, 1111111111111111111
1111 111111111111111 1111111111111111 111111) 1111 11 1111 11111
111 1111111 11111111111111111111111 11 11111111 1111111111 1111111
1111111 1111111111 11111111 11 11113111111111111, 1111111111ηὲ 111
(51. 6111111111, 1111 111 11111 1111111111 11 &t 11111 11111111

11111. &n 1111 111 1111111111 11111 11111 11111111 1111111
11111111111111111111, 111 mic 1111111111 1111111 11 11111111

111)Η1111’Μ1111 anipulus pg 91 Sceornhlh Ampe nit..IV431.

1),111111 111111111111111 6. 311111.

1) 111111111111111111111114116111.1111111,5111111111111111111.
1111111111

11111111)8111 An 111 113111 1111 111 13. 1111 11111 1111111111
1111111111 111 11111 111 11111111 111 1111111111 111111 1111111111 1111 1111-
111111 11111111.

1) 1111111111, 111111 1111111111 (ὅ. 13. 111111. 6111111. 17216. 882-,881

1) 1111111111 Θ. 109. -111111111111111 111 1111111111 1111. 111. 1. 61111111
1181111111. 1. 111111. 11111. 1880 (3. 17-25.

 

