..67-

11591ιυί511111 1115111156155111111111 11115 551 511 (111

1151111115 515111111111151 11115 1111111111 (55511111515151111111
8111. 811 5111 11111115 1111151111111115111 1111111 11111115 511

1111) 1111115111 1111511111 11111111511111 5115151115 515 11151, 511 511 ’

11151111115111111115 111 3151111111, 2511111, 1115155119, 115151, (11115111),
2211515111 1111511111- 11 11115 511 511, 511111 11111111 1511511
15151111155115111111111 1151111111 - 511511 55111151111111111111
5111151511 1111111119 5¹¹ 1111111115 5115515111111111111152111111111

3151 5111115 1115 15511151151111 1111111111. &ab 111 1511 1111511111 ·

1111111111 but, 5115 511 511 111151 11115 51111111 in 51111111 1511111111
111115, 511111 111115 5111111111 8151111111 nor 1111. 115111 ben
&o'bnen 511 (1115115 1115111111 1511151 und) 111151911111151551
1111151551115511511151111 5111511-15111111111111 gegeben. 1155

511 6151111111, 1111151 &grimm 5unfidjst 1111 51151511115111111 .

&hister 51111111,·11111111111 1115 5111115111 1111115511 1155 11111
1515511111 in 5111 5111151151111111 &egenhen 151111511155. 11111
1115111111 1111 11111111) 111111 911111 11951511 5111 1151151111 11555111,
11555111 51111511 „mehr 5111111511 111 1119111151511 9511 2111:
· 11111 1111511111 1511 1111511111, 1111115111 515111111511515111151
1111151111 1151111111111111 1111111555 in 1111111111 111111, 51111
1511111115 511 11 555111111111111151115·511151115515111111 1111
1111511115 (1526, 1529, 1530) 11115 11115111 5511111511 1111511
1111111 55111111 (1111511111 11111] 151111 11535) 11155111151911 5115
1511511 1155 51511111 11111111 1111111 in 51111511 1111151111 15515111
1511. 3111 &member 1529 brad] 511 ,1111111151 615151111 in
· 1111115111 uu& 511151 151111 cine 11111111511111, 15111111 515 1515111
1111511115 15111111, 151511155111111111118111 11111111 5116151111
1111151111 11151115 15 1111; 11151515 11511 5151111151 1511111115
jener 15151111 in 1511111115.

1111115111 11151 111511111191111 1111111111 1115 1551 5511191111)
5111 ,511Θ11111111 5115511111511111111. Sene 111 5311111111 1111551111
1111111151155111111 [agen in 1111115115 1111115111 1511 11115 11

, 1) 1111511515 IV. 546. 5111111111421. 5111111111,11’1111]11111511
&abt 2111515111 II. 96. ·

5'*

 

