’-66-

6666666 66166 666 11661166 1116116616611661116 6661166661116166
1116166666116166, 16 Ponto 666 Tristium 1616166. 1166 8166666
1116666 6666666 666 616 1616116666 (6666661116, pre M. Marcelle
6. 81.) genennt, 66616166611611666166166 6161311666, (16 amicitia ¹
666 16 senectute. 36661 1616 16 666 1166116 6161666 1116 616
6666111166 666 1661161666 81666661666666111166 666 661666 666666
11161166 6611166666 16 616166 {egen 6666666 6666666 13166666 666
6161161616 6166666 1616166, 166666 616 116661166166 ratione eon·

scribendi epistolas, 66616116 (66666666 11661666161666661111166 666 -

8611666, 666 8666 1116611616, 66116666 1666611661166116166166116
6661611 116661) 666 616 666 1116161166661616611116 [6161611616 116666
166661 66616661116166611666616111166166. §bie 1661616661666666
16 6161611161166666666 6661) 1666166166( 6661616611616666666116
unqclcitct. 1116 8616616166 616666 666611366616666666 Dragmata
graecae Litteraturaefl) 666 616 ,1116616666161 6. [J. 616 1508
66161666661161661811166666166 geete. 8666666111. 1116 1116111166
1666666 111666 61116116 11161616 666 866166, 666 6611666666 &estne 666
16666666161611. 11666161616666661666666666 1616, 616, 6666666116
im 8616611666 61666 16166 1116666 161616 116666, 666 eud) 6661] 616 1
661116 &pruche 666 6666111616 66166166 6116166. 16166 6666 6661 616
816161 161666, 661 11166666 166661616611116166 666 1666111666
86616666 3616161 6611111, 666 616111616116611666166 im 8661611166
gemacht 1161. (11666 66661116 6666 6661) 1116116666ίέ 1611666, 16 666
11661166 666 gangen erbis artium, 6666 616161 666 6161666166 666
16666666 18661611, 666( 6161616111 6166 1611666 8666161661 666 1611611
166116661661611661 6661161166 1666. end) 1611611166 6166616666
666 11116111, 6. 1). 6666 61616616 1666166661 1666666. 8616661166 111 666
unte-ciet 6661611661ίί6) 666666616661616, 616 11661166 6666666 666 16
1666611666 6611111666 6616166666, 616 661 666 86611166 666 1116111166

666 666 etii: 666 616666666166 1616166111611616161666 666 616166
1116616166 16611116611661 1666661. 11666, 166166 6616, 666161616666
616 66111161611116661 666 8616661 1116666661 1616611616

1)111111166,86666 666 (16666166 1828, Θ. 163. 202.
2) Besileae 1518. cf. 0011). Ros. 1, 666. xx, 5. κ

naemu, 6611666 ς11616616. 5

 

