-110-

1111111111111119119 1519 11111111111111111 1111191111 111
119111 1119199 1111111 111191111111191111 einer 1111 111111 11111
91111 1111111111111111 191111 9111111. 1111111111 119 ein 1111111119
’ 91111111 1191111111 111 bem 11111111111, 111, 1111191111 1119111
111111, 11 1111 einen 11111111 1111) 1911111111 9111, ’11111 111191
1111191111 111111 9111111111 nub 119111111119111191119111111. 1111
1111111 1111111 im 9. 1529 119 (1111 1119111911111111199; 1111111
1111 11111111 111 111111111111 1191111111111, 1111111 111111 1111
11 ben 11111191111111111111111111111111111111111111 119 9111
Ι 911111119111111111. 1119 11111 11111111 1111111111 15291111
(ὖ111111111119 11111 1111119119 mit 1111111111111111·Θ111111
11 1111111111111911 1111,-11 11111 11111111 1111 1111111111
h. 11. 119 1111111111 9111111911 (1111111111 91111111 1111, - .
1111111111 11 1111 1111 18. 911111111911111111191111111111111
1111111111, bie 1111911111 111) 1116111119191111111111111 1111111111
111111911111111111111111 111111. 91 11911 11111111, 1119111111
111111 111111 1511111191111111, 1111919 (311119 non 13111111, mit
(ὕ11111111111111 1191911111 11111, 1111111 1111 (11911111 11111111
in 111111 Θ1111111111111, bie 11 11191111 111111991111111111, „ben
91111 1111191111 1111919 1111111 111 Q. 1111 1111111611111111111111
111911111111111111191111111,“ 111 111111 19 1111 111111111
111111, 1119 11 fiber 111 11111111, 11 11111 111111119111 11111
91111111111111911, ,,1111111119111111,“ 111119 1111111111 6111111

, 111111111911, 91119111111111111 1111111111 111 1119111911 19111

1111 1111111111 11111111) (1111191119 1111111 11 11119111111111111
111111111111111111111111111. 1911111 1111111111 1111 im 111111
6111111 1111111119 1191111191 1111111111 11119 11111111, un 111111
(11111 111111 119111 111111911111911911 91611111 11111111 11111
9111111 111111191191111111124. 91111. 91 11111111 1111 1111111

11 1111111111 1111111111111 1111,,91111111111111111,” princeps latronum,
1. 9111911, 9111111119 11111111111111 Θ. 319. 11111111111119 191111111111111111.
11111111 1111119119 1191. 31111111, 911111. b. 1111111111 1111119 Ι. (4. 911111
560 βξ 9111111111, 9111111111 111191. 1873 Ξ. 14119.

 

