-Π-

1911111 1111111 111 1111111111 11111, 11 111111 11 111111 111111
’1111111 9111111 1111 11111 9111111111 geben 5¹1 111 111111ιηὶ1111.
11111111911111111111. 1911 911111 1111111 1111] 11111111 111111
111 (1111111111 1111] 111111111119111111, 1111111 ein 6111111111.
11111111 in &tugen 111 911111111111611111111 111111 1111111111.
(1111111111 1111111111 9111111111 9111111 91111111 1111111111
11111111 11111. 191111 11111 11 111111 111 1111111111111111 in 111·
11111111 91111, iubent 11 mit 1111111111 1111111111 1111111111 991111-
bie 99111111 111 9111111111 11111111111111 111111, 1111111 1111111111
11111191111111111 11111111 6111111111 gut 911111111111111 111
1111111111 9111111111 bei. 1111 (111111 111 1111111111 111 11111111)-
11111111.

(11111111 1111 1111) einer 9111111 11111 9111111111 1111111111.
bie 11111 1111 11111111 81111111] 1111119111111111 111 9911111111
(11111111 1111111111. 1111 1111) eine 11111111 111111 6111111111
1111111111

,9111111191191911 111111ΜΑΝΙ9Ε111111111911111111111
illust rata “(9111Ιί1. Anno Domini M D. XLII 1.11)1) 311 111·
3111111111 11 111 111111 911111 en 111111) 111911111111111111911111111
(911. 1119111111 1528), einen 11111111111111111 1111111
11111 9111111111 91111111 91111111, 1111111111, 1111111111·
9111111 [einer 111111 1111111111, 111111111111111 111 1111111ζ
1111111111 91111111 11111111 11111. 1111 9111111 1111111 1111111111ἵ
11111 11 (11111111 1111119111111111 1111111111. 9911 1111111111.
111111 uben, 111 91111111 1111 111111111911111111111111911111,
butte. (1111111 boch 911111 1111) 11 11191111111111111111111
1111111111111 1111191111111 11, 111 11111111111111,,1111ιι111ι111“.
1111111111 111 11111111 111 11 111111, 1111) 1111 911τί1111 111111

1) Ε1111811111111111111911111111111819 Θ. 939

19111111111111. 418. Bi nsd 1110111. ΙῘ. 18 911111. 9111111111 §Bauer
1111116. 911 ..1911111111 11111111 11111 adu pu rume 11 eeanslg ngnu udicandi
Τ111ι1111ιι1.”91111111111111111111Θ11111111111,11111111111111111111111
1139 9119111119111111111111 11111 iiber 1911111111 11111111111111 1111111
..91 1111111111111111111111111 1111111111,1111111111191111111 1111111111.
1111 11111 111 61111111 111 9111111111 111111 9111111111 1111111111

 

