—219-·

&henes 11111. 111111 5311111111 111 1111111 111111 911 9111111111.“
1111111119111111111111111, 111111111119 111 2 11114, 10.1)
111111 111111 1111111119, in 1111111 1111111 11111119111111111 ·
11111111 111 et 111 1111119111111111 9111111111. (11 11111111, 111111
mit 11111 11111111 8119111111 91111111111111111111111, hurd) biess
111911111111111111111111111111 911111, 1111 1111111111 1111111111
in 111111 1311111 111 ben 1111111111 11 11111111, bie 1111 1111111 11
11115311 1111111 hutten. (11 11111111111111 91111 1511111111 im
11. 1541, 111 1111111111111111111, 1111 11 11111111111153111111
119111111111, 3119111 91111. &chon in 111111111911111111 butte
11 911191 18111111 1111 mein 111111111111111111111111911111
11 1311111 11111111 111111 hnutfen 111111, 11111111 his 11111111
&tunsa 111 1111111111111111 nicht 11119 tumme, 11 1111111
11111111 miss, 111111 ich 1111 111111.“1) 811191111111111111111
mit 11111 3111111111 11 11111111111111111111 in 1111111111
11111111111111111111 1111111111 1191111111111118111111111

‘Druck „CCCXXL Formulae 11 Interrogatiuneulae pueriles ι

Joannis Agricolae Islebii.“³) (11 1111911111 1115111111 1111 &cite
in 11111111 1111111111111111 11111 91111111 11111111111111111
111 (1. oben (ὅ. 1931, mic 11 1111111 11111111111111191191111111
118111 1540 1111111111 11111, „hub 111 13111111111111111111 111
9119 11119111 mit 1111 burs) 1111 1111 1111111911 91111111
111111.”41 &Dus 1111911111 [111 Qube 111 1111911119, bes·
611111, 1111 es 1111111111111111118111111111111)
111. Qube 1111111 in ciuem (1111111111 bes 1111111111
1111 111111 (11111111111111 111111111119119; 1111 111111111111111111
1111111111 1911111111, 1111111 11 1111111111 passiones (1111 bie
contritio passiva, 1111111 5311111 [111111. 111111191111 1191111111

¹) 5111191111. 328.

21111111111111 Θ. 319.

81111111541. 8. 13 119. 1111111111. 111111. 1712 (ἦ. 748 119.

⁴) 1111111111 Ε. 337, eine 11111, 91911 111111111111111111111, obse
111111111111119 11 11111 11911111111111119 91 1111111911, 1111111 1111111111
[11911111911 11111, Ξ. 325. 1111119111 11191. 1111111 1191111111111111ε „bns

11119. 111111 bie &tube 11111, 11 9111111111111111911111111111111.μ
wrm. 11. 118.

 

