XI

v. . 66666 6666 au m 66666 m 66666. 6. 646-666.

mathim} 6616666111. 3666 249. ‘Die 16661616 ς6666611666 251.
‘Die 3nmmi3ion ber 616666 253. ‘hie 6669616666 666 36166666 254.
21666 216611 255. 661616 6666666166666 257. 6666165666 259.

VI. 66 3666666660. 6. 260-272.

6665666166666 mit 26666 6. 6661))66 260, mit 303u11n 6. 1361166 262,
mit 666 2166656666 267, mit 2166116 271. Ι

VII. 116 6166116666 m 3616166166661666666666. 6. 273-291.

86666666 366666 273. 6666666666 &ur 6166116669 eine& mobi=
fieirteu 3nterim3 276. 66 37166666636666661666 280. 186166519666
666 3116666666 106666 282. 666666166666 mit 666 18611666 66616166
285, 661 ben 66666666666666 6. 6. 28666. 6666 666 3666663 291.

vm Vox populi. 6. 292-301 ⁸¹

31171ῒεί166666 666 bet 66666 21666616 66616666 6166666666

6166666.
IX 06 6666600666. 6. 302-312.

Qua 6666111616 6616661616 6666666666 302. 9066666 mit 61661666
306. Qua 2. 66611616 66661666 66666 6666666 310.

X. 6666666666 661116666661666 math. 6. 312-328.
21566666 666 861166 312. §Der 66611 iiber 616 66166 266616 315.

1111616ηὼ16666 666 320. 616666 661661 bie 211661 323, 16161 566116 325, Ι

66666616 61666616 327. 66661666 iu 11666666 327. Festum gratiarum
aetionis 327. “

ΧΙ. 66611666 66166 66) 6666666616. 6. 329-340.

21666. 3mu 11616329. 36616 616 330. 66661166 331. 6666 333.
6666 66666 336. 8111661161 337116.
8166666 I. 2166 2166166166 8666661661 6. 341. 350.
,, Π.216666166 im 6666 6661666666 66161666 6. 351. 352.
,, ΠΙ. 166666666ρί66 353-358.

676661τᾶ66 666 336τί66ίί66666.

6 5 3. 5 6. 6. 6691. 6166. 6. 61611. 1881 6. 171.
633319 6. 6.116666661661)1.6666166.

. · 6. 50 2166 9.) 911661) Ghillany, Index rarissim. aliq. libr manuscr Norib.

1846. 6. 52 (66661 6761)). 67616 6. 666161 1872 66. 204.) 6661666
666666666666661665666666616166666661666.Αη6666ἰ666616β61Ῐ6

25. 21166) 1524.

 

