31111111-111111111111.

Ι1.

1111 1111111111 hio 101111111111494-1540.

Ι. 111121111111111111111101111111111111111111111 1491-1116. 6. 3-12.

111111 3. 0111111111 5. 1111111111 5. 9111111011 0111111111 111
(11111111111161. 6111111111 9. 1111 11111111. 111111111111110. 311 611119
111111 1111111111. 10.

ΙΙ. 1113111111111111111 1111111. 6. 13-25.

111 1111111111 11111111111111 13. 1111111111 11 1111111 14. 611111
1111111111111111111111 14. 31. ’0111111 1511 151. 911111111111111111118.
1111111111. 1111111111, Baccalaureus in bibliis. 20. &in 1111111111 111131 23.

ΙΠ. 1111 1111111111 11 1011111111. Q. 26-44.

1111111111111 26. 1111111111 iiber 111 0111111111 28. 911 §Doceat 111
1111111111 30. 11111111111111111111132. 61111111111111111111 1111111111 35111.
911111111111 111 9111111111ε11111111 41111.

IV. 11111111111111111111111111111111111111111 a. Q 45-56,

10111εῂ11111 11 9111111511 451. 1111 1111111111 1110111111111 wan&
1111111111 49. 2111111111 19. 1311111 50. 9111111111111111111111152. 1111.
11 1111111. 541.
V. net 3111111111 11 (11111111. 6. 51-79.
11111111.’31111111 11 1111111111 57. 1111111111 59. 9119111111102.
,911 1111111111 61. 1111111111 111111 6111111111 01111111 10111.

VI. 11111111111111111111. 6. 80-103.
31611111· 1526 801. 31 6111111 1829 901. 111 1111111111 1530 941.
5011 1111111 1111111111 1535 102.
VII. 1111,,111111111111.“ Q. 104-101.

111111111111111111111 104. 11111111 6111111111 11111111. 6111111111
105. 1111111111111 mit 111111. 11111111 111 1111111 11111111 109. 11. 1.
1111111111 1111.

 

