—122-

11515 15151151· 51511511 5511551515 11555155115559 555 8111111555
9515155515 555555 5511 nun 551 9595511155165115 15511 55155515
155555. &inc 95555515 555 55115115 &chet 5555515 1151) 55555, 51511
555 515 18111559 55511555555559 551· 55595515 5515555115] 5
55551155, 1555555 55915151) 551 515155151595511511115551855151155555

551 1111555 8511151 1515115511 5511151555 55115 555 mit 515115
· 65115555 gu 1551151155. 51 51155155 51151155 95 1159155 551
8. 1539 5155 5159151515 55151 55551155 Ι,1515 1551551151) 6151555111
555 bct 51595515 35155515 1551155, 55115155 15. 811551 851151
555 151555 9515515555555. 81511 5155511515551155155155. 15551
8555. 5595195155911) 5151555511155555555 855115951951559
(5555 515 et 1151] 555 6511151 151151111555 5555155151515515551559
1151) bct 95 1111591155 1538 55818111555559 559555581151951511151,
555 ct mit 151555 8519555555 5559115115, 1111115119 9515515555
15595 55555111 &imon 8555515511 1115151 1555 15 1811155559
55511 55555 115595 95155155, 1515 851155 im 11511551 555 551155
5111115155 (51151155 555 6. 855. 1538, 81955515 515 5115555511,
1551591155 8551515595595 551155, 55155955 15115, 1515 uber 1555195
5595 5515515551) 1155151559 555 11555 8195155158 5155 95115
15511195 5551515559 1151555 5515191 1555. 151515 1115191595 5555115
555 85555155 95 1519555555 115551 151555 5115555151 851555 155511
5151115155515155 1155 1551511 5515111151 11551 555 (5515551555 bet
„ssrugebia 1151555515 55151 11511555, 1551151· 1115 51555 1181555
155515 5555551155 55511555555151515555 558 mit 151555 519555

¹) 515 5515111 1555151 15 555151555 11111515 95515511 gu 1515 1515 „H-
SIMO· 11118 LEMNII ΕΡῘ- 1 GRAMMATON 1 LIBRI 111.“ 1538. 35
85151191

1111191. 1851155, Index Pseudonymorum 1856 (ἔ. 155. 1115551551,
111515. 5. 5551151). 51515. ΙΙ. 411519. 1853 (ἐ. 406. 11515 5555195555115
mid), 515 85555111 555 11155555. 85951951559 5118555155 51 5515555155, 111
515 519551115115115 151111, 5511 5515551 8151555151555 15 515155 6115111 5515555511
55115. - wer 55555951151115181555559515151 555,,1155555155 6551515155
111155 55 ,55911515 55551155 51 11555515 5555 8355153811151155151
115915, 55 551 85591595 5595151511 15155, 515 5111 515195 3511151151
(14. 8555551 15 18111555, 1155155555. 1555155151 551 555 315551, 515 11515
5515155 555 1111155555 95955 351155 55 5515555555.

 

