-355-

77τί6666) 6. 6. 717617 261. 77666666 Π. 666 6666666666 207.
36766666 666 266776 26. 49. 61. 2117. 2187. 2237. 231. 2357.
124. 2401. 245. 247 1. 252. 2547.
3667661, 666671. 202. 270. 2677. 2737. 295. 2997. 303.
77667, 8⁰1)- 239. 3061. 3131. 3181. 331. 336.
77666, 866. 3107. 3467.
&oachim 77666666 666 8666666666
666666, 7767. 238. 229.
01667666 6. 9176667616 88. 36671, Mag. 182. .
016666 666 2166616 2807. 3467. 7766666 666 2166611 226. 343.
016666 666 7866666666 91. 7766666 666 07776τί6 227. 2637.
86666 666 86617766 110. 113. 159. 297,
0766666, 7766. 267. 366666, 1366777676 666 &acmen 43.
(816666, 0666. 2711· 56. 807. 90. 947977 1017.
(8676766, 2176617766 24 1101. 147.
0161671676, 671766 199. ’ 7766666 (46676 666 5666766 36. 217.
0166666666, 366. 20. 7766666 776666. 96676671 6. 6666766
86766, 2166761280. 67. 1027. 1151. 121. 1667.
01666666, &imon 91716. 1691. 1797. 1947. 199. 2027.
(06661, 6626. 58. 68. 1541. 1571. 2147. 243. 247. 272. 298. 342.
166. 198, 204. 206. 666666 016666 666 3666666666
229. 326. 336.
fimum, ,766166 191. 866666 &eoru 666 2176667616 60.
56666666, 2316. 44. 86666, 867166 30. 42. 44. 56. 59.
6676661) 666 3666676666 101. 104. 155. 160. 172. 176. 197.
m mmmmmffl
76776, 7766. 58. 125221.
76616166, 11766. 254. 256. 297.
’ 299 1. 3667, 0566676173.
766066, 7766. 212. · 63661 V. 90. 951. 991. 119. 2461.
766767 6. &omma-1111 99. 249 1. 2577. 262. 269. 275 1. 285.
766776, (56666 35. 54. 94. 295. 299. 335. 346.
1766666666617. 329. 1366171661, 21666. 10. 197. 317.
66666566, 366. 122. 511. 137.
766666 6. 7076667616 57. 60. 152. 966666 6. 2176667616 70. ..
156. 162. 636661, 27666. 270.
767666, 7766666) 230. Mer, 5066666676 249.
196661, 21666. 2857. 290. 13166, 7767666 70. 119.

76666, 5666 6. 117. 1116767 666 mnia, 276166 309.
117. 13666, 3666666 58.

36671, 276666 817.
776666, 5666 11. 36666666, 2776. 118 7. ,
77666666, 6666661627. 6366666, 0666. 85.

 

