..4-

655151155 5555551115551, 15 8515558 151511; 551115 1551155511
515 5155551 5551555555585551115551 1515551155555 15855155.
8515551) 55115115 111155 (31111151 1539), 11955515 151 mit 1515555
5555155555 nicht 15155555 1555155, 555555 11555 cr 1115 in
6511511155 5515555555 - 5155 5555551551, bie 55 15 51555
lug, 515 515 51555555511555 &orm 551 1855151, 551555, 555515 555
3155555555 mie 555 11111555 5515151555 - 555 55115111155555
11555 551155 5555 555 11555515515515551151591. 1815 55151555
ihm 55155 5151555 neuen 551555155555555 55511515351551518.
1151555 5555151115 15 11515555 855555 55111551551515151, neta
55511151) 5555 in 555155 11155555 5155551555555 11515 1155551551
[egen 3¹1 551155, 1555555 155555 55 5151555 555 555 {sique 1151555
1111555 mit 5151555 111555555555 1555155115 55155115 5555 [yut
515111 55111, 5551151555 5515555555 5115515115 555 1855158 15
15515555, 5555 15555 51 51515111555515155115555555515155155

, 15555, 15 1511555 11511 11155515 5155151555 15355115 [einer ,1555115

5551] mit 515155115555 5515155551 155552)

Du 555 155555 hurd) 53511558 555 5555555 3511555155
&uzingen 55155115555511115155155 135155 [einez 85511558 ein ι
6511551555 mut, 15 11511 515 1155551551 55115, 551 5555 555

11 ,11555 1115155155 Sartoris 51551 1555515555 &nm sartorem in mes·
sorem 6511511155 i. e. agricolam muta-uit, est astutum [5555 5551551551]
cognomen, non contentus 555 patruo cognomine.‘¹ Cod. Goth. B. 169 111.
69 5. 55551. Binds. ColL Π. 251 55 185115 VI. 501. —- 1811518 11515555
15 ,11515 mie 1155 5515511151555 5555555 . . . 851111111,555551115.1851555
1537.“ 151. 11 3 1111.; 5155151155 15 151555 11555155 bei 155151551515511.
311; 8115551 im 51515155 5555 8515555 1548111. 11. 55511. 1555555 1155551
maritatae 5511511155 (5.1(1 115420, 11555555 511155. 5515115551838451.
Serapeum 1862, 293 1855555151 1115555555 III. 942. 35111555. 1. 11111.
ment. 1851, 386. 1115511555 [15555111. 55551155 IV. 57.

⁹) 5551515555 1155555 1151555 51515555 11155155 im 115155555551151151155
1551 55555 81115555, eiu 8511551155 &arist (5195511155 35511555555551555
555 51515555515511515111555 555 §baeton 5555111551. 11555515 558 51115555.
- 1555115555 11155515 55151551 555 15 5555151555 855515555511515 11151111
55155 8511. 11155515 1515515511151151155551, 551555551 mit 555 1151155515·
&ephan 1155, bem 5515515555 5555111151 1115. 555 5555 11551555 1151155
primarius 3⁰13· 91qric01a 555 (5555555551 5555551511151555555.

 

