—330—¹

1111111111 111111111111111111111111111111 tu monem 1111

. 11 1111111 11111111 11111111111111111111 111111 8111111. tuens

11111 111111, 111 11 3110111111 1551) 1111111111 11 1111111,
111111111111111111 11111 &tutemet 131111 1111111111 111111, 111
11111 1111 11111111 1111111, 11 11111111111111 111111 11111111.
11111111111111 1111111118111, 1111 11111111 11 111 11111111,
1111111111 11 111 11111111 11111 111 §tract 111 1111111111
11111111 111111; 1111 1111111 1111111 11161111 111111, 1111111111
111 28. 1111111111 1556 1111111111111111111111111111111 111
1111111111 1111 1111111 111111. &ie 111111 111 1111111 1113111111

’ ,1111 155111 11 1111 1111 1111111, 111 111 1111111111, 1111

11111111 111111111111 1111111 11111111111111 11111111, 11111 1111 gez
111111 1111, 11111111 1111111111 11111111111111. &eiu ,111
1111111111 111111 11 11111111 11, 111 11111111 1111111 gu einer
1111111111 1111111111 1111. 111111 11111 1111111 {tutu 11111 et
,1111 11 11111 1111111 stante. 1111111 11111111 tte 11111111
11111 1111111111 11111111 tu 1111. tte 1111 (1111111111 ²) 11111
11111 111111 111 11 11111111111111 1111111111. 1111111 1111111111
11111111 11111 11111 1111111111. &chon 111 111111 15391111111111
111111111111111111 ,11)11111111;“ 11 111111 11111111111111
111111 1111111 1111111111 1111111) &eine 111111 11111 1111111111

¹) Epicedion Sanctae matronae Elisabetae conjugi reverendi. . ..
scriptum a Johanno Ferinan'o. Epitaphium Scriptum a Phil. Melanthone.
Witebergae excudebat Johannes Grato Anno 111). LVII. Corp. Res. VIII.
591764. 940. 111 9. X. 635. Cod. Erlang. 1615 111. 196 111. 111111
1111111111 1111111111 11 1111111111 111111 111 11111111 1111111111. -111111
ι(1111111111 1111. Alb. p. 282. 3111111111. 1111111111. 111301. 11 1111
111111 11111111 11 111111.

’1 311 11111 111 1111111 11111111 11 111111 1111111 11111111111111111111111
got). 11111111 11 1111111111, 30. 111. 1556 11 Cod. Seidel. Berol.

²) 111111 1111111111, 111 1111 111 1111 11111, 111111 1111 1111111111
&tgna 111 111111 11111111 1111 1111111111 1111111111. 11111 111111 11111 tit
11 &unget &ummt 1720 1111 1134, 11 1111111 1111111111111, 11111
ῧ111111111111111,11111.1111111 Ξ. 414. 4151 11 1111113111 111 et mieter=
1111111111 11 1111111111111111 ,1111111111 11111111111111111 11111111
1111111 1860 1111 1111111111 111111111111. 11111111. 1311. Π. 11111. 1856,
Θ. 201. ⁰

 

