X

VIII. Hussitica Q 118—128.

1111119111 111 91111111 1111911111 911 (1111111111 111111 118. 11191111
311. 111 120. wie QpnttIdniIt 111 91111111 Q. 1221.

IX. 111 11111111 111 1111111111111 31111111. Q 129-161.

9111111911 1111 1111111111 129.Ὶ 919111 9111111111111111111111
, 111 911111111111111 131. 91111.’19111111111111111111140. 919131 130 191191
1111111 142. 9111 11191111 1111111119 145. 111111 91911 111111 152.
1111111119 11 11111111 91911 111 9111111111911 165.

Χ. 1111111111111 111111111111111111. Q168-182

9191191119 1111111111 168. 911111111111111111111111. 1531 172.
11 11111 1111 911111 1111111119 175. 111191111111119118. 11111111·
9111111511111111111179. 1111111111111. 111111 181. ’

XI. 111111191911111. Q183-192.

XII. 111 1111111111 1111111111111 11111111. Q 193-207. '
3111111 9111111119 193. 911111 9111111111 111 61111111 195. 5111111
91111111119191. ,11111111119111111111198. 91111 1111111199. {Dic
91111191 91911 9111111201.ι 9191. 11111111111111205. §ner 9111111111 207.

1111111 1111111111. Q 207. 208.

111 9111111 1540-1566.

I. 111 1111111 111111111111111 11111111. Q 211—222.

1111111 Π. 1111111 1111111111 211. 9191. 11111 11111911919111111 214.
Qeine 9911111111111111 215. 9111111111111111119 111 11111 91111111 217.
911111 111111 1111111111 217. 9191. 11111 111 111 111111 1111 1111111 219.
111 111111 1111111911 911111111 221.

ΙΙ. 1111111· 111 1111111111. Q 221-234.

1111 91111111 1111111111 223. 919131 11111119 911 11111111 224. 31
911911111191541225. 11111111111919226. 1111111119 911 1111. 11111111 228. ,1
1111111111111111 1119111111 9111111111 230. (119111111111111111111116111111 ,
1111119119 232. “

ΙΙΙ. 111(11111111111111111111111. Q. 235-241.
9111 111111111111111111111231. 1111111111111238. 1111 1911111111 911

1911111111 239.

IV. 1111111 111 111 111 11111111111111111119. Q 242—248.
911111 111111 111119111111 11119191. 243. 1119111111 9111111 1111 244.

9111 11111111191111111 (11111111 111 9111111119 240.

 

