ΧΠ

Q 52 3. 2 1. 1. 11111111 111 3115111119 511 1111111111 6111111 1111
11111 1111111911 11111111 51191. aud) 11111111 11119111, 1111111911 1111111111 511
111111. 15111111, 1111111 1592 111. 11114.

1111133111. ,1111111 1111 311111111111911 91 11111111 51911911,
1111 11 1111111111 11511 50 111. 1311111119 11111111.” Θ111111111 (1111111 11
Qt. 11111111 11 (11111511.) 11111151111111 31111111, 1111111119 111 311511
1765 I. Q 71. 15111111151111111111111111 11111111 11111111111111191 (11111511
ssQmQ

Q 103 11111. Ξ1911131111111111511 511 1111111 1111111 111 1119111911
131111111131111111111111 11 1111111, 11111. 111111.. 1111111111 1111 111 1111111119
1111111. 31111111511111. Sena 1755 Q 17-2‘2. 1111111 519111 511 311111
11111 bem 9. Dctoher, 111 1119111 11 111111 111 30. 13111511 111111 5111511
511 91111 21. 1111111511. 61111111 11151 1111111111) 1111111, 1111 111119
1111111115 111 1111119111, 111 111· 611111. 1111111111 11 111111 1111111 11111, 1111
1111111111 11111 11119 911191 11151.
¹ Q. 211—217. 1111 1111 111111 1151111111 1111 1111 1111111111 [1111111111.
· 3111111111 1111111111 1111111111 11 31111111. 1. 3111119111. IV. Q 437 119.

1241142111111111111111.1131111111. 1. 3111119111. lv, Q464. 465.

Q 1913. 2. 1. 1. 1. Q 26811111 234. Q 301 3. 3 5. u. 1111 395
11111595.

Q 303. 1111111115 511 1111111111 111 1111 111111 111 111111 1111111

Q 1111111 11 1115111111 111 151111311111111111111111 1111111. 1131111111 1111
1131111113 11191111111111511, 111 1111111111 1111 1111111111 1111, 5111
111111. 111 11111 3111 1111111111 111 1811111 111 91 111111 111111111111111
61111111 1119111511 1111111 1111, 11111111 151111111591111111111111. ζ,111111
5111111 11 11111 aher, 111 11511111 111111111111111111111111111111111111111111
3uje11ben. 1111191. 1111111. 111511111 111 1111 111111. 11111119111311111 IV.
Q152.)

 

