-- 136 -

111111 116 11911 1111 1111 111 1111 11111 111911111 1111 11111
1111111111 ,11111111 1111 111 111 1111111 11111.Η ¹) 1111911111
11111111 1111 1111111111 11111 11 111 111111 1111 111 11111111
1111111111, 11111111 111111111111111111 111 111 1111111191
111111111111911111111 11111111111 111 11111111. 81111 111111
111111111111111111 11111 1111111 1111 91111 11; 11 9111
111 1111111111111 111 111 1111111 111 11111111 1111 111111
1111111 111111 111 11 1111111. 111111 11111119 1111 ,11111
111119 111191111111119 1111111111111111111 111 nubre 11
1111111111 11111111 111 1111111 11111111”11111111 1111111-1111
1111 1191111 1111111111111 1111111 11111191 111191111111111111
1111, 111 111111 111111, 111111, 111 11111111 11111, 11 1111 bu 111
1111911111 11111 91111111. 1111 1111 1111111 111111 11111
1111111111, 111 11111 11111 11111911 111, 1111911 111 11111111
11 9111 1111 111 11111911 111111 111111 111111, 111 11111111
11111111111111111111111 111111. 11 1111 111 11111111 111
1111111111191, 1111111111111111111111. 11111 1111111119111 11111
,1111111 1111111 11111, 1111111111 9111 111 1111111111.“ ³)

1111 11111111 1111 1111 11111111 1111, 1111111111111111111111
1111111111 1111111 11111 1111111111 1111111111111 911111 11111111
111111 9111 ju 11111111, 1111 111111 11111 11911111 11 111
1111111911111111 11111111, 1111119 1111 11111111 1111111111111
11111111, 91111111111111, 111 1111 1111111111111111111111111111111

1111191111111 111 11111111 in 111111 11111 11111, 111 1111111111
1111111191 11111111. 11111111111 11111111 1111 111, 111 11 11111

11 111. C. 8 1. S. 5. .

11111. Ι. ,5. ,111111111111111 11 9111 11111111, 1111111 1111111911
1111, 1111911 1111111, 111111 1111111, 1111911 1111111111, 111111 111111 stium,
morgen 11111111111111111 1111, 1111111911 111111111111111111111.” 111
1111111111111119 111 11111111 ς11111111 11116. 111. A. nij.b.

⁸) 111. R. 7. 11111 11 111111 1111111119 11111 111 1111111τί11 1191 er:
„PQccata non obsunt Christian& secundum Christianam libertatem. 8111111111,
non 1111111111111, quominus sit filius Dei.“ 1111 111 111111119111111
111111113111111 1811 1111 9111 111 11111111 1111111, 111111 1111 11111111
1111111 111111111111.” 1. 11111. 11. 1111. 1879 1. 27, 32.

 

