III.

&enonentegissen

9766616666, 9671. 120.

’ minue, 3671. 256. 292.

97160676, 1161. 6. &elehem 1661 &uter
41. 293. {eine 9176066 6. §eine
11666 0116 261. 69. 80. 121.
1241. 168. 170. 194. 243.
3291. 342.

{eine 11660 2. &be 330. 3321.
349. 66666 271. 329. 334-336.
36611166 124. 172. 243. 329.

07160616, 366666 aue &premberg

2Igticolu, 616611. 4. 114.

3160616, 3666611. 4.

91166666, 666666. 4. 5. 2381. 257.
297. 300. 331.

91166666 6. ming 55. 101. 126.
157.

91766666 6. 9176631616 491. 571. 62.
67. 88. 931. 1131. 130. 166.
1681. 2041. 217.

9116661716 666 13666166 303. 306.
3101.

9116661166 24.

97161166, 91166. 222.

21191113111ner‚ 866. 1666664.

9711116666 76.

9116616 241.

8766660666, {Buba 6. 239.

90666676, 3εο 68. 146.

97666666 N. 341.

9766116, 6666.19. 76. 941. 191.
2711. 278. 2931.

mim. 6666 6. 225.

Qut, 8666666666 321.

911ῑί66, 3611. 58.

Qud). Mag. 326.

10666, 116616. 239.

1066616666, 916666. 2671.

186661, heinr. 2071.

1866666, 97666661. 203.

fficium, 616666. 271.

1810766666, woh. 21.

101667, 06611161 131.

306666, 666666 201.

861666, &imon 238.

10661166661979666766 &dymnum 28.
248.

106661, &buit 106.

86661, 1166. 37. 66. 87. 176. 298.
302. 3101.

 

