-102 -

1111, 11 1111 mit 111 1111111111111111, 11111 61111111 einer 1111111
111111 91 1111911111 111 ihm 91 11911, 11 1111 1111 et 11111
91111111 11111111. η1111 1111111, 1111111111 (1191111111 11 1111111911
&athen Θ1191111 1111111111, 1111111111 (1191111111 111111 (ὅ111111
1111 1111111111111111111191911111119 91 9111 11111111 1111111. &a
1111111 mit 11111 1111 um 11 111111 1111111111, 1111111 1111111. 1111
Sene, 1111 1111111 11111111 11111111, 1111111 111111911ῷ111111
111111111111111111111 1111111111 91 1111111 11111111, 111 11111111
11111 111 1111111111111111 11111111 1111111111 111191. nub 11 stab
9111111911111 1111 1111111111. Sd] bitte 11111 1111, {ab 11111
1191119111 jein, 111111 61111111 111 1111111 91 11111111 111111
1111111111 1111111111, 11 11111111 11111111911111 111111 11111111111119
111191111111 11111)

11 119111 nun eine 1111111111 11119111311111111111; 1111
5 311111 111111 119119 11111 11111111 11111111 11 1111, 11 bem
11111191 111 1111111111 111 11111111111911 111919111111) 81111
1111111111 11111111 1111 111 1111119111 1532 9111111111. 1111111111
1311111111 1111111911,8111111ῧ111111111, 1111 11111 mit 9111111111
1111111111 11191911 111 1111111111, 111 111111111111111191111
111 1111111111 1111111 uad) 11111 91 111119 1911111111 91111111 1111111,
hurd) 111 ῧ1111111111111 1116111. 1135111 11111911 1111 11111
111111 9111111. 1111 9. 11111111111111 1111111 111 11111111 1111111111.
1111111 11111 11111111 11 1111111 3191 111111111Θ1111111, 11111·
1119111ῧ11191111111111, ᾥαηᾷ 111 11119191, bet 811111 11111111
(1111111911, 11111191 1111911111 Θ111111111. (131 mut 1111 91111
9111113119 nvn 3 ῧ1111111, 12 (1111111 1111 300 1111111911. &tif

¹) Cod. Goth. 1048 111. 601). 3113111111111111119 11910119. Res. Π.
438. 440. 493.

⁹) 1111111111 1111111111 111111 111 nod] 91111111, 111 11111111 3. 15321111
1111111119 11111111, 91111 1111111 am 22. 3111111111 11111111 1111111111. 11111
111 1191111111. 11111111111111 11111 1111111111 111111 11 11111111111111111111111,11
91111 1111111111 1111111111 119111111 1111 1111111111, bic 1111111111 111111 111111
1111111 11111111 1111 9111111611111111 1111111111111119 1111111. 1. 15111111.
’ 11111111· 111 61111111. 1876 Q). 355. 1111111119 1111110111. Bavaril. 249
11. »0111111111 Thesaurus 111. 2771) 1111111 1161111191111111 u. 1111111111
911111111911 [inb 11111111] 11111 Seokend. III. 38 111 11111111Π. 218.

 

